b0 0
fc 0
36 0
15 0
f4 0
0d 0
00 0
27 0
90 0
e6 0
21 0
57 0
08 0
00 0
45 1
00 0
00 0
51 0
8b 0
98 0
40 0
00 0
35 0
06 0
69 0
8b 0
68 0
12 0
0d 0
21 0
0a 0
d1 0
d0 0
7f 0
01 0
bb 0
de 0
52 0
1a 0
47 0
fe 0
51 0
ed 0
8d 0
c6 0
9c 0
50 0
18 0
00 0
08 0
71 0
b0 0
00 0
00 0
17 0
03 0
03 0
00 0
24 0
a6 0
92 0
47 0
94 0
2e 0
00 0
00 0
0c 0
9f 0
f2 0
57 0
b0 0
fc 0
36 0
15 0
f4 0
0d 0
08 0
00 0
45 1
00 0
01 0
28 0
5a 0
e0 0
40 0
00 0
80 0
06 0
4f 0
6c 0
0a 0
d1 0
d0 0
7f 0
68 0
12 0
0d 0
21 0
de 0
52 0
01 0
bb 0
ed 0
8d 0
c6 0
9c 0
1a 0
47 0
fe 0
7a 0
50 0
10 0
00 0
fe 0
b1 0
58 0
00 0
00 0
b0 0
fc 0
36 0
15 0
f4 0
0d 0
00 0
27 0
90 0
e6 0
21 0
57 0
08 0
00 0
45 1
00 0
00 0
51 0
8b 0
99 0
40 0
00 0
35 0
06 0
69 0
8a 0
68 0
12 0
0d 0
21 0
0a 0
d1 0
d0 0
7f 0
01 0
bb 0
de 0
52 0
1a 0
47 0
fe 0
7a 0
ed 0
8d 0
c6 0
9c 0
50 0
18 0
00 0
08 0
e9 0
11 0
00 0
00 0
17 0
03 0
03 0
00 0
24 0
d8 0
00 0
00 0
0c 0
9f 0
f2 0
57 0
b0 0
fc 0
36 0
15 0
f4 0
0d 0
08 0
00 0
45 1
00 0
01 0
28 0
5a 0
e1 0
40 0
00 0
80 0
06 0
4f 0
6b 0
0a 0
d1 0
d0 0
7f 0
68 0
12 0
0d 0
21 0
de 0
52 0
01 0
bb 0
ed 0
8d 0
c6 0
9c 0
1a 0
47 0
fe 0
a3 0
50 0
10 0
00 0
fe 0
b1 0
2f 0
00 0
00 0
b0 0
fc 0
36 0
15 0
f4 0
0d 0
00 0
27 0
90 0
e6 0
21 0
57 0
08 0
00 0
45 1
00 0
00 0
52 0
8b 0
9a 0
40 0
00 0
35 0
06 0
69 0
89 0
68 0
12 0
0d 0
21 0
0a 0
d1 0
d0 0
7f 0
01 0
bb 0
de 0
52 0
1a 0
47 0
fe 0
a3 0
ed 0
8d 0
c6 0
9c 0
50 0
18 0
00 0
08 0
83 0
1c 0
00 0
00 0
00 0
00 0
0c 0
9f 0
f2 0
57 0
b0 0
fc 0
36 0
15 0
f4 0
0d 0
08 0
00 0
45 1
00 0
00 0
28 0
54 0
e2 0
40 0
00 0
80 0
06 0
4f 0
6a 0
0a 0
d1 0
d0 0
7f 0
68 0
12 0
0d 0
21 0
de 0
52 0
01 0
bb 0
ed 0
8d 0
c6 0
9c 0
1a 0
47 0
fe 0
cc 0
50 0
10 0
00 0
fe 0
b1 0
06 0
00 0
00 0
b0 0
fc 0
36 0
15 0
f4 0
0d 0
00 0
27 0
90 0
e6 0
21 0
57 0
08 0
00 0
45 1
00 0
00 0
51 0
8b 0
9b 0
40 0
00 0
35 0
06 0
69 0
88 0
68 0
12 0
0d 0
21 0
0a 0
d1 0
d0 0
7f 0
01 0
bb 0
de 0
52 0
1a 0
47 0
fe 0
cc 0
ed 0
8d 0
c6 0
9c 0
50 0
18 0
00 0
08 0
b1 0
f1 0
00 0
00 0
0c 0
9f 0
f2 0
57 0
b0 0
fc 0
36 0
15 0
f4 0
0d 0
08 0
00 0
45 1
00 0
00 0
28 0
5a 0
e3 0
40 0
00 0
80 0
06 0
4f 0
69 0
0a 0
d1 0
d0 0
7f 0
68 0
12 0
0d 0
21 0
de 0
52 0
01 0
bb 0
ed 0
8d 0
c6 0
9c 0
1a 0
47 0
fe 0
f5 0
50 0
10 0
00 0
f0 0
00 0
00 0
0c 0
9f 0
f2 0
57 0
b0 0
fc 0
36 0
15 0
f4 0
0d 0
08 0
00 0
45 1
00 0
00 0
4f 0
a3 0
ee 0
40 0
00 0
80 0
06 0
07 0
37 0
0a 0
d1 0
d0 0
7f 0
68 0
12 0
0c 0
21 0
de 0
51 0
01 0
bb 0
67 0
fb 0
5b 0
1c 0
4e 0
fe 0
52 0
ce 0
50 0
18 0
01 0
b0 0
fc 0
36 0
15 0
f4 0
0d 0
00 0
27 0
90 0
e6 0
21 0
57 0
08 0
00 0
45 1
00 0
00 0
28 0
50 0
21 0
40 0
00 0
35 0
06 0
a6 0
2b 0
68 0
12 0
0c 0
21 0
0a 0
d1 0
d0 0
7f 0
01 0
bb 0
de 0
51 0
4e 0
fe 0
52 0
ce 0
67 0
fb 0
5b 0
43 0
50 0
10 0
00 0
08 0
1b 0
31 0
00 0
00 0
b0 0
fc 0
36 0
15 0
f4 0
0d 0
00 0
27 0
90 0
e6 0
21 0
57 0
08 0
00 0
45 1
00 0
00 0
4f 0
50 0
22 0
40 0
00 0
35 0
06 0
a6 0
03 0
68 0
12 0
0c 0
21 0
0a 0
d1 0
d0 0
7f 0
01 0
bb 0
de 0
51 0
4e 0
fe 0
52 0
ce 0
67 0
fb 0
5b 0
43 0
50 0
18 0
00 0
08 0
c7 0
10 0
00 0
00 0
0c 0
9f 0
f2 0
57 0
b0 0
fc 0
36 0
15 0
f4 0
0d 0
08 0
00 0
45 1
00 0
00 0
28 0
a3 0
ef 0
40 0
00 0
80 0
06 0
07 0
5d 0
0a 0
d1 0
d0 0
7f 0
68 0
12 0
0c 0
21 0
de 0
51 0
01 0
bb 0
67 0
fb 0
5b 0
43 0
4e 0
fe 0
52 0
f5 0
50 0
10 0
01 0
00 0
1a 0
10 0
00 0
00 0
0c 0
9f 0
f2 0
57 0
b0 0
fc 0
36 0
15 0
f4 0
0d 0
08 0
00 0
45 1
00 0
00 0
47 0
5a 0
e4 0
40 0
00 0
80 0
06 0
4f 0
49 0
0a 0
d1 0
d0 0
7f 0
68 0
12 0
0d 0
21 0
de 0
52 0
01 0
bb 0
ed 0
8d 0
c6 0
9c 0
1a 0
47 0
fe 0
f5 0
50 0
18 0
00 0
fd 0
1a 0
cb 0
00 0
00 0
17 0
03 0
03 0
b0 0
fc 0
36 0
15 0
f4 0
0d 0
00 0
27 0
90 0
e6 0
21 0
57 0
08 0
00 0
45 1
00 0
00 0
28 0
8b 0
9c 0
40 0
00 0
35 0
06 0
69 0
b0 0
68 0
12 0
0d 0
21 0
0a 0
d1 0
d0 0
7f 0
01 0
bb 0
de 0
52 0
1a 0
47 0
fe 0
f5 0
ed 0
8d 0
c6 0
bb 0
50 0
10 0
00 0
08 0
b1 0
b4 0
00 0
00 0
b0 0
fc 0
36 0
15 0
f4 0
0d 0
00 0
27 0
90 0
e6 0
21 0
57 0
08 0
00 0
45 1
00 0
00 0
56 0
8b 0
9d 0
40 0
00 0
35 0
06 0
69 0
81 0
68 0
12 0
0d 0
21 0
0a 0
d1 0
d0 0
7f 0
01 0
bb 0
de 0
52 0
1a 0
47 0
fe 0
f5 0
ed 0
8d 0
c6 0
bb 0
50 0
18 0
00 0
08 0
00 0
00 0
0c 0
9f 0
f2 0
57 0
b0 0
fc 0
36 0
15 0
f4 0
0d 0
08 0
00 0
45 1
00 0
00 0
28 0
5a 0
e5 0
40 0
00 0
80 0
06 0
4f 0
67 0
0a 0
d1 0
d0 0
7f 0
68 0
12 0
0d 0
21 0
de 0
52 0
01 0
bb 0
ed 0
8d 0
c6 0
bb 0
1a 0
47 0
ff 0
23 0
50 0
10 0
01 0
02 0
b0 0
8c 0
00 0
00 0
00 0
00 0
0c 0
9f 0
f2 0
57 0
b0 0
fc 0
36 0
15 0
f4 0
0d 0
08 0
00 0
45 1
00 0
00 0
28 0
11 0
a8 0
40 0
00 0
80 0
06 0
8a 0
7d 0
0a 0
d1 0
d0 0
7f 0
17 0
28 0
6c 0
32 0
de 0
4e 0
01 0
bb 0
53 0
16 0
65 0
3b 0
f0 0
f4 0
47 0
d8 0
50 0
11 0
01 0
00 0
7f 0
00 0
00 0
00 0
b0 0
fc 0
36 0
15 0
f4 0
0d 0
00 0
27 0
90 0
e6 0
21 0
57 0
08 0
00 0
45 1
00 0
00 0
47 0
16 0
49 0
40 0
00 0
35 0
06 0
d0 0
bd 0
17 0
28 0
6c 0
32 0
0a 0
d1 0
d0 0
7f 0
01 0
bb 0
de 0
4e 0
f0 0
f4 0
47 0
d8 0
53 0
16 0
65 0
3c 0
50 0
18 0
01 0
f5 0
df 0
50 0
b0 0
fc 0
36 0
15 0
f4 0
0d 0
00 0
27 0
90 0
e6 0
21 0
57 0
08 0
00 0
45 1
00 0
00 0
28 0
16 0
4a 0
40 0
00 0
35 0
06 0
d0 0
db 0
17 0
28 0
6c 0
32 0
0a 0
d1 0
d0 0
7f 0
01 0
bb 0
de 0
4e 0
f0 0
f4 0
47 0
f7 0
53 0
16 0
65 0
3c 0
50 0
11 0
01 0
f5 0
7d 0
eb 0
00 0
00 0
00 0
00 0
0c 0
9f 0
f2 0
57 0
b0 0
fc 0
36 0
15 0
f4 0
0d 0
08 0
00 0
45 1
00 0
00 0
28 0
11 0
a9 0
40 0
00 0
80 0
06 0
8a 0
7c 0
0a 0
d1 0
d0 0
7f 0
17 0
28 0
6c 0
32 0
de 0
4e 0
01 0
bb 0
53 0
16 0
65 0
3c 0
f0 0
f4 0
47 0
f7 0
50 0
14 0
00 0
00 0
7f 0
dd 0
00 0
00 0
b0 0
fc 0
36 0
15 0
f4 0
0d 0
00 0
27 0
90 0
e6 0
21 0
57 0
08 0
00 0
45 1
00 0
00 0
40 0
bb 0
06 0
40 0
00 0
21 0
06 0
eb 0
53 0
d9 0
8a 0
fe 0
82 0
0a 0
d1 0
d0 0
7f 0
01 0
bc 0
de 0
53 0
60 0
f4 0
bc 0
1b 0
fc 0
81 0
b2 0
3a 0
50 0
18 0
00 0
7e 0
e8 0
28 0
00 0
00 0
17 0
03 0
03 0
00 0
b0 0
fc 0
36 0
15 0
f4 0
0d 0
00 0
27 0
90 0
e6 0
21 0
57 0
08 0
00 0
45 1
00 0
00 0
28 0
bb 0
07 0
45 0
00 0
21 0
06 0
eb 0
6a 0
d9 0
8a 0
fe 0
82 0
0a 0
d1 0
d0 0
7f 0
01 0
bc 0
de 0
53 0
60 0
f4 0
bc 0
33 0
fc 0
81 0
b2 0
3a 0
50 0
11 0
00 0
7e 0
50 0
03 0
00 0
00 0
00 0
00 0
0c 0
9f 0
f2 0
57 0
b0 0
fc 0
36 0
15 0
f4 0
0d 0
08 0
00 0
45 1
00 0
00 0
28 0
50 0
23 0
40 0
00 0
80 0
06 0
f7 0
4f 0
0a 0
d1 0
d0 0
7f 0
d9 0
8a 0
fe 0
82 0
de 0
53 0
01 0
bc 0
fc 0
81 0
b2 0
3a 0
60 0
f4 0
bc 0
34 0
50 0
10 0
01 0
00 0
4f 0
81 0
00 0
00 0
00 0
00 0
0c 0
9f 0
f2 0
57 0
b0 0
fc 0
36 0
15 0
f4 0
0d 0
08 0
00 0
45 1
00 0
00 0
40 0
50 0
23 0
40 0
00 0
81 0
06 0
f7 0
36 0
0a 0
d1 0
d0 0
7f 0
d9 0
8a 0
fe 0
82 0
de 0
53 0
01 0
bc 0
fc 0
81 0
b2 0
3a 0
60 0
f4 0
bc 0
34 0
50 0
18 0
01 0
00 0
ae 0
00 0
00 0
0c 0
9f 0
f2 0
57 0
b0 0
fc 0
36 0
15 0
f4 0
0d 0
08 0
00 0
45 1
00 0
00 0
28 0
50 0
24 0
42 0
00 0
80 0
06 0
f7 0
4d 0
0a 0
d1 0
d0 0
7f 0
d9 0
8a 0
fe 0
82 0
de 0
53 0
01 0
bc 0
fc 0
81 0
b2 0
52 0
60 0
f4 0
bc 0
34 0
50 0
11 0
01 0
00 0
4f 0
68 0
b0 0
fc 0
36 0
15 0
f4 0
0d 0
00 0
27 0
90 0
e6 0
21 0
57 0
08 0
00 0
45 1
00 0
00 0
28 0
00 0
00 0
40 0
00 0
21 0
06 0
a6 0
72 0
d9 0
8a 0
fe 0
82 0
0a 0
d1 0
d0 0
7f 0
01 0
bc 0
de 0
53 0
60 0
f4 0
bc 0
34 0
00 0
00 0
00 0
00 0
50 0
04 0
b0 0
fc 0
36 0
15 0
f4 0
0d 0
00 0
27 0
90 0
e6 0
21 0
57 0
08 0
00 0
45 1
00 0
00 0
28 0
00 0
05 0
40 0
00 0
21 0
06 0
a6 0
72 0
d9 0
8a 0
fe 0
82 0
0a 0
d1 0
d0 0
7f 0
01 0
bc 0
de 0
53 0
60 0
f4 0
bc 0
34 0
00 0
00 0
00 0
00 0
50 0
04 0
00 0
00 0
ff 0
49 0
00 0
00 0
b0 0
fc 0
36 0
15 0
f4 0
0d 0
00 0
27 0
90 0
e6 0
21 0
57 0
08 0
00 0
45 1
00 0
00 0
40 0
11 0
46 0
00 0
00 0
34 0
06 0
fd 0
b9 0
98 0
c7 0
13 0
a1 0
0a 0
d1 0
d0 0
7f 0
01 0
bb 0
de 0
47 0
4d 0
d2 0
15 0
9b 0
3c 0
79 0
98 0
04 0
50 0
18 0
b0 0
fc 0
36 0
15 0
f4 0
0d 0
00 0
27 0
90 0
e6 0
21 0
57 0
08 0
00 0
45 1
00 0
00 0
61 0
11 0
45 0
00 0
00 0
34 0
06 0
ed 0
99 0
98 0
c7 0
13 0
a1 0
0a 0
d1 0
d0 0
7f 0
01 0
bb 0
de 0
47 0
4d 0
d2 0
15 0
62 0
3c 0
79 0
98 0
04 0
50 0
18 0
00 0
87 0
5c 0
28 0
00 0
b0 0
fc 0
36 0
15 0
f4 0
0d 0
00 0
27 0
90 0
e6 0
21 0
57 0
08 0
00 0
45 1
00 0
00 0
28 0
11 0
47 0
00 0
00 0
34 0
06 0
ed 0
d0 0
98 0
c7 0
13 0
a1 0
0a 0
d1 0
d0 0
7f 0
01 0
bb 0
de 0
47 0
4d 0
d2 0
15 0
b3 0
3c 0
79 0
98 0
04 0
50 0
11 0
00 0
87 0
0f 0
8e 0
00 0
00 0
00 0
00 0
0c 0
9f 0
f2 0
57 0
b0 0
fc 0
36 0
15 0
f4 0
0d 0
08 0
00 0
45 1
00 0
00 0
34 0
af 0
c3 0
40 0
00 0
80 0
06 0
c3 0
47 0
0a 0
d1 0
d0 0
7f 0
98 0
c7 0
13 0
a1 0
de 0
47 0
01 0
bb 0
3c 0
79 0
98 0
04 0
4d 0
d2 0
15 0
62 0
80 0
10 0
04 0
00 0
0f 0
00 0
00 0
0c 0
9f 0
f2 0
57 0
b0 0
fc 0
36 0
15 0
f4 0
0d 0
08 0
00 0
45 1
00 0
00 0
28 0
af 0
c4 0
40 0
00 0
80 0
06 0
c3 0
52 0
0a 0
d1 0
d0 0
7f 0
98 0
c7 0
13 0
a1 0
de 0
47 0
01 0
bb 0
3c 0
79 0
98 0
04 0
4d 0
d2 0
15 0
b3 0
50 0
10 0
03 0
f0 0
00 0
00 0
0c 0
9f 0
f2 0
57 0
b0 0
fc 0
36 0
15 0
f4 0
0d 0
08 0
00 0
45 1
00 0
00 0
28 0
af 0
c5 0
40 0
00 0
80 0
06 0
c3 0
51 0
0a 0
d1 0
d0 0
7f 0
98 0
c7 0
13 0
a1 0
de 0
47 0
01 0
bb 0
3c 0
79 0
98 0
04 0
4d 0
d2 0
15 0
b4 0
50 0
10 0
03 0
ff 0
0c 0
16 0
00 0
00 0
00 0
00 0
0c 0
9f 0
f2 0
57 0
b0 0
fc 0
36 0
15 0
f4 0
0d 0
08 0
00 0
45 1
00 0
00 0
47 0
5a 0
e6 0
40 0
00 0
80 0
06 0
4f 0
47 0
0a 0
d1 0
d0 0
7f 0
68 0
12 0
0d 0
21 0
de 0
52 0
01 0
bb 0
ed 0
8d 0
c6 0
bb 0
1a 0
47 0
ff 0
23 0
50 0
18 0
01 0
02 0
f1 0
ab 0
00 0
00 0
17 0
03 0
03 0
00 0
1a 0
e0 0
b0 0
fc 0
36 0
15 0
f4 0
0d 0
00 0
27 0
90 0
e6 0
21 0
57 0
08 0
00 0
45 1
00 0
00 0
28 0
8b 0
9e 0
40 0
00 0
35 0
06 0
69 0
ae 0
68 0
12 0
0d 0
21 0
0a 0
d1 0
d0 0
7f 0
01 0
bb 0
de 0
52 0
1a 0
47 0
ff 0
23 0
ed 0
8d 0
c6 0
da 0
50 0
10 0
00 0
00 0
00 0
0c 0
9f 0
f2 0
57 0
b0 0
fc 0
36 0
15 0
f4 0
0d 0
08 0
00 0
45 1
00 0
00 0
52 0
7f 0
16 0
00 0
00 0
80 0
11 0
ca 0
1d 0
0a 0
d1 0
d0 0
7f 0
0a 0
0b 0
0c 0
0c 0
e3 0
14 0
00 0
35 0
00 0
3e 0
35 0
d4 0
b7 0
32 0
01 0
00 0
00 0
01 0
00 0
00 0
00 0
00 0
00 0
00 0
0f 0
65 0
6e 0
74 0
65 0
72 0
70 0
72 0
69 0
b0 0
fc 0
36 0
15 0
f4 0
0d 0
00 0
27 0
90 0
e6 0
21 0
57 0
08 0
00 0
45 1
00 0
00 0
9b 0
fe 0
58 0
00 0
00 0
37 0
11 0
93 0
92 0
0a 0
0b 0
0c 0
0c 0
0a 0
d1 0
d0 0
7f 0
00 0
35 0
e3 0
14 0
00 0
87 0
64 0
64 0
b7 0
32 0
81 0
80 0
00 0
01 0
00 0
02 0
00 0
00 0
00 0
00 0
0f 0
65 0
6e 0
74 0
00 0
00 0
0c 0
9f 0
f2 0
57 0
b0 0
fc 0
36 0
15 0
f4 0
0d 0
08 0
00 0
45 1
00 0
00 0
34 0
c9 0
3f 0
40 0
00 0
80 0
06 0
da 0
32 0
0a 0
d1 0
d0 0
7f 0
14 0
36 0
67 0
cb 0
de 0
54 0
01 0
bb 0
8a 0
df 0
68 0
e0 0
00 0
00 0
00 0
00 0
80 0
02 0
fa 0
f0 0
b0 0
fc 0
36 0
15 0
f4 0
0d 0
00 0
27 0
90 0
e6 0
21 0
57 0
08 0
00 0
45 1
00 0
00 0
34 0
76 0
9f 0
40 0
00 0
6a 0
06 0
42 0
d3 0
14 0
36 0
67 0
cb 0
0a 0
d1 0
d0 0
7f 0
01 0
bb 0
de 0
54 0
62 0
71 0
00 0
82 0
8a 0
df 0
68 0
e1 0
80 0
12 0
ff 0
ff 0
e1 0
bc 0
00 0
00 0
00 0
00 0
0c 0
9f 0
f2 0
57 0
b0 0
fc 0
36 0
15 0
f4 0
0d 0
08 0
00 0
45 1
00 0
00 0
28 0
c9 0
40 0
40 0
00 0
80 0
06 0
da 0
3d 0
0a 0
d1 0
d0 0
7f 0
14 0
36 0
67 0
cb 0
de 0
54 0
01 0
bb 0
8a 0
df 0
68 0
e1 0
62 0
71 0
00 0
83 0
50 0
10 0
01 0
02 0
20 0
bc 0
00 0
00 0
00 0
00 0
0c 0
9f 0
f2 0
57 0
b0 0
fc 0
36 0
15 0
f4 0
0d 0
08 0
00 0
45 1
00 0
01 0
11 0
c9 0
41 0
40 0
00 0
80 0
06 0
d9 0
53 0
0a 0
d1 0
d0 0
7f 0
14 0
36 0
67 0
cb 0
de 0
54 0
01 0
bb 0
8a 0
df 0
68 0
e1 0
62 0
71 0
00 0
83 0
50 0
18 0
b0 0
fc 0
36 0
15 0
f4 0
0d 0
00 0
27 0
90 0
e6 0
21 0
57 0
08 0
00 0
45 1
00 0
05 0
0a 0
76 0
a0 0
40 0
00 0
6a 0
06 0
3d 0
fc 0
14 0
36 0
67 0
cb 0
0a 0
d1 0
d0 0
7f 0
01 0
bb 0
de 0
54 0
62 0
71 0
00 0
83 0
8a 0
df 0
69 0
ca 0
50 0
10 0
08 0
01 0
fe 0
b7 0
b0 0
fc 0
36 0
15 0
f4 0
0d 0
00 0
27 0
90 0
e6 0
21 0
57 0
08 0
00 0
45 1
00 0
05 0
0a 0
76 0
a1 0
40 0
00 0
6a 0
06 0
3d 0
fb 0
14 0
36 0
67 0
cb 0
0a 0
d1 0
d0 0
7f 0
01 0
bb 0
de 0
54 0
62 0
71 0
05 0
65 0
8a 0
df 0
69 0
ca 0
50 0
10 0
08 0
01 0
0c 0
1b 0
00 0
00 0
73 0
60 0
b0 0
fc 0
36 0
15 0
f4 0
0d 0
00 0
27 0
90 0
e6 0
21 0
57 0
08 0
00 0
45 1
00 0
05 0
0a 0
76 0
a2 0
40 0
00 0
6a 0
06 0
3d 0
fa 0
14 0
36 0
67 0
cb 0
0a 0
d1 0
d0 0
7f 0
01 0
bb 0
de 0
54 0
62 0
71 0
0a 0
47 0
8a 0
df 0
69 0
ca 0
50 0
10 0
b0 0
fc 0
36 0
15 0
f4 0
0d 0
00 0
27 0
90 0
e6 0
21 0
57 0
08 0
00 0
45 1
00 0
05 0
0a 0
76 0
a3 0
40 0
00 0
6a 0
06 0
3d 0
f9 0
14 0
36 0
67 0
cb 0
0a 0
d1 0
d0 0
7f 0
01 0
bb 0
de 0
54 0
62 0
71 0
0f 0
29 0
8a 0
df 0
69 0
ca 0
50 0
10 0
08 0
01 0
7d 0
77 0
00 0
00 0
0c 0
9f 0
f2 0
57 0
b0 0
fc 0
36 0
15 0
f4 0
0d 0
08 0
00 0
45 1
00 0
00 0
28 0
c9 0
42 0
40 0
00 0
80 0
06 0
da 0
3b 0
0a 0
d1 0
d0 0
7f 0
14 0
36 0
67 0
cb 0
de 0
54 0
01 0
bb 0
8a 0
df 0
69 0
ca 0
62 0
71 0
14 0
0b 0
50 0
10 0
01 0
02 0
0c 0
4b 0
00 0
00 0
b0 0
fc 0
36 0
15 0
f4 0
0d 0
00 0
27 0
90 0
e6 0
21 0
57 0
08 0
00 0
45 1
00 0
04 0
a9 0
76 0
a4 0
40 0
00 0
6a 0
06 0
3e 0
59 0
14 0
36 0
67 0
cb 0
0a 0
d1 0
d0 0
7f 0
01 0
bb 0
de 0
54 0
62 0
71 0
14 0
0b 0
8a 0
df 0
69 0
ca 0
50 0
18 0
08 0
01 0
b6 0
00 0
00 0
0c 0
9f 0
f2 0
57 0
b0 0
fc 0
36 0
15 0
f4 0
0d 0
08 0
00 0
45 1
00 0
00 0
cd 0
c9 0
43 0
40 0
00 0
80 0
06 0
d9 0
95 0
0a 0
d1 0
d0 0
7f 0
14 0
36 0
67 0
cb 0
de 0
54 0
01 0
bb 0
8a 0
df 0
69 0
ca 0
62 0
71 0
18 0
8c 0
50 0
18 0
b0 0
fc 0
36 0
15 0
f4 0
0d 0
00 0
27 0
90 0
e6 0
21 0
57 0
08 0
00 0
45 1
00 0
00 0
5b 0
76 0
a5 0
40 0
00 0
6a 0
06 0
42 0
a6 0
14 0
36 0
67 0
cb 0
0a 0
d1 0
d0 0
7f 0
01 0
bb 0
de 0
54 0
62 0
71 0
18 0
8c 0
8a 0
df 0
6a 0
6f 0
50 0
18 0
08 0
01 0
37 0
b0 0
00 0
00 0
14 0
03 0
03 0
00 0
01 0
01 0
16 0
00 0
00 0
00 0
0c 0
9f 0
f2 0
57 0
b0 0
fc 0
36 0
15 0
f4 0
0d 0
08 0
00 0
45 1
00 0
05 0
0a 0
c9 0
44 0
40 0
00 0
80 0
06 0
d5 0
57 0
0a 0
d1 0
d0 0
7f 0
14 0
36 0
67 0
cb 0
de 0
54 0
01 0
bb 0
8a 0
df 0
6a 0
6f 0
62 0
71 0
18 0
bf 0
50 0
10 0
00 0
fe 0
b4 0
89 0
00 0
00 0
